10 2 5
1 1 5
1 5 1 (2,5,7) 2 (17,18,20) 3 (10,12,14) 4 (16,18,21) 5 (13,15,16)
2 3 1 (16,18,20) 2 (16,17,18) 3 (10,11,12)
3 3 1 (13,16,19) 4 (14,17,20) 5 (10,12,13)
4 4 1 (18,19,21) 2 (15,16,18) 3 (5,8,9) 4 (8,11,12)
5 2 1 (11,12,13) 4 (17,19,21)

1 2 5
1 5 1 (3,6,7) 2 (5,8,9) 3 (17,18,21) 4 (14,15,17) 5 (13,15,18)
2 2 1 (7,10,11) 4 (17,18,20)
3 3 1 (2,5,8) 2 (11,14,17) 5 (6,8,11)
4 4 2 (13,15,16) 3 (5,6,8) 4 (14,15,18) 5 (13,16,19)
5 2 2 (15,16,18) 3 (8,10,12)

1 3 5
1 5 1 (4,5,7) 2 (13,14,16) 3 (15,16,18) 4 (11,14,17) 5 (3,6,7)
2 2 2 (2,5,6) 5 (10,13,14)
3 2 2 (3,5,7) 4 (7,8,9)
4 3 2 (14,15,16) 3 (5,7,8) 4 (4,5,6)
5 4 2 (11,14,16) 3 (5,8,10) 4 (14,16,18) 5 (9,11,13)

1 4 5
1 5 1 (7,10,11) 2 (18,19,21) 3 (11,12,15) 4 (5,8,10) 5 (8,9,12)
2 4 1 (3,6,7) 2 (9,11,12) 3 (2,5,6) 4 (10,11,13)
3 4 1 (9,10,12) 3 (15,18,21) 4 (5,7,9) 5 (9,10,12)
4 2 3 (10,12,13) 5 (4,7,8)
5 3 1 (12,14,15) 2 (2,5,6) 4 (7,10,13)

1 5 5
1 5 1 (6,7,10) 2 (10,13,15) 3 (8,9,11) 4 (9,10,11) 5 (15,17,19)
2 2 2 (2,5,7) 3 (5,6,8)
3 4 1 (10,11,13) 3 (6,7,9) 4 (11,14,16) 5 (15,16,18)
4 5 1 (12,14,16) 2 (12,13,16) 3 (3,6,7) 4 (7,8,10) 5 (6,8,9)
5 2 2 (13,16,17) 5 (10,11,12)

1 6 5
1 5 1 (5,6,9) 2 (10,11,13) 3 (12,14,16) 4 (9,10,11) 5 (15,18,19)
2 2 1 (12,14,15) 3 (13,16,18)
3 5 1 (3,5,8) 2 (16,19,20) 3 (11,12,15) 4 (5,7,10) 5 (3,6,7)
4 2 1 (3,6,9) 3 (14,17,19)
5 5 1 (15,18,21) 2 (12,15,17) 3 (9,10,13) 4 (16,19,20) 5 (11,12,13)

1 7 5
1 4 1 (7,9,11) 2 (5,6,7) 3 (9,11,13) 5 (6,7,8)
2 4 1 (14,17,20) 2 (11,14,15) 3 (16,17,20) 4 (5,7,8)
3 3 1 (11,14,16) 2 (14,17,19) 4 (12,15,18)
4 3 2 (8,11,12) 4 (11,13,14) 5 (13,14,17)
5 3 3 (17,19,21) 4 (13,16,17) 5 (16,19,21)

1 8 5
1 2 2 (3,6,9) 5 (13,15,16)
2 3 2 (8,10,12) 3 (3,5,8) 5 (2,5,8)
3 2 1 (7,8,10) 2 (10,11,14)
4 5 1 (10,12,13) 2 (6,7,10) 3 (9,10,11) 4 (10,11,12) 5 (12,14,15)
5 3 1 (11,14,16) 4 (11,12,15) 5 (13,15,18)

1 9 5
1 4 1 (6,9,11) 2 (8,10,11) 3 (15,16,19) 5 (2,5,8)
2 3 1 (16,17,19) 4 (12,14,17) 5 (3,5,7)
3 5 1 (10,11,13) 2 (14,16,18) 3 (16,18,21) 4 (8,11,12) 5 (16,19,20)
4 5 1 (4,6,7) 2 (9,11,13) 3 (11,12,14) 4 (6,9,11) 5 (17,18,21)
5 5 1 (17,19,21) 2 (3,6,7) 3 (9,12,13) 4 (17,18,21) 5 (14,17,19)

1 10 5
1 3 1 (11,13,15) 3 (10,13,15) 5 (12,14,16)
2 3 1 (9,12,14) 2 (15,17,20) 5 (10,12,15)
3 4 1 (18,19,22) 2 (6,7,9) 3 (10,12,15) 4 (4,5,8)
4 5 1 (4,5,6) 2 (6,9,12) 3 (7,10,13) 4 (11,13,16) 5 (14,17,18)
5 2 1 (14,17,18) 5 (11,12,13)

2 1 5
1 5 1 (15,17,18) 2 (5,8,10) 3 (13,16,17) 4 (17,18,20) 5 (7,8,11)
2 3 1 (16,18,21) 2 (11,14,16) 3 (5,8,10)
3 3 1 (10,11,13) 4 (12,14,16) 5 (3,5,8)
4 4 1 (11,13,15) 2 (16,17,18) 3 (13,15,18) 4 (17,19,22)
5 2 1 (6,8,11) 4 (14,17,18)

2 2 5
1 5 1 (3,5,7) 2 (3,6,9) 3 (12,13,15) 4 (4,5,6) 5 (17,19,22)
2 2 1 (15,18,19) 4 (4,7,8)
3 3 1 (8,11,14) 2 (13,14,16) 5 (12,15,17)
4 4 2 (10,12,15) 3 (2,5,6) 4 (6,7,10) 5 (3,6,9)
5 2 2 (13,15,17) 3 (15,17,18)

2 3 5
1 5 1 (4,5,8) 2 (9,10,13) 3 (12,15,17) 4 (10,13,14) 5 (9,10,12)
2 2 2 (17,19,22) 5 (7,10,13)
3 2 2 (8,11,14) 4 (15,17,20)
4 3 2 (7,10,11) 3 (16,18,19) 4 (13,16,19)
5 4 2 (12,14,17) 3 (6,9,10) 4 (15,17,19) 5 (6,9,10)

2 4 5
1 5 1 (10,12,14) 2 (11,12,14) 3 (5,7,9) 4 (3,5,8) 5 (17,19,20)
2 4 1 (7,9,11) 2 (6,7,9) 3 (3,5,8) 4 (5,7,10)
3 4 1 (12,15,16) 3 (17,19,20) 4 (7,9,11) 5 (11,13,14)
4 2 3 (6,7,9) 5 (15,16,18)
5 3 1 (10,11,14) 2 (3,6,9) 4 (10,12,15)

2 5 5
1 5 1 (4,7,9) 2 (4,7,9) 3 (3,5,6) 4 (13,16,19) 5 (14,16,18)
2 2 2 (11,13,14) 3 (8,11,14)
3 4 1 (8,10,13) 3 (5,6,7) 4 (16,18,19) 5 (13,16,19)
4 5 1 (5,8,9) 2 (11,12,14) 3 (5,7,9) 4 (13,14,16) 5 (16,18,21)
5 2 2 (4,7,8) 5 (5,8,9)

2 6 5
1 5 1 (4,5,7) 2 (11,13,16) 3 (4,7,9) 4 (8,10,11) 5 (14,16,18)
2 2 1 (18,19,21) 3 (16,18,20)
3 5 1 (10,11,12) 2 (11,13,16) 3 (7,10,11) 4 (13,15,17) 5 (13,16,18)
4 2 1 (7,8,11) 3 (7,8,11)
5 5 1 (13,14,16) 2 (6,8,11) 3 (11,12,13) 4 (13,15,17) 5 (6,9,12)

2 7 5
1 4 1 (7,9,12) 2 (2,5,7) 3 (8,11,12) 5 (16,17,19)
2 4 1 (16,19,20) 2 (10,11,14) 3 (16,17,20) 4 (7,8,11)
3 3 1 (15,16,17) 2 (13,16,18) 4 (17,19,22)
4 3 2 (8,9,12) 4 (6,8,10) 5 (10,12,14)
5 3 3 (6,7,8) 4 (15,18,20) 5 (4,5,8)

2 8 5
1 2 2 (5,8,9) 5 (6,9,10)
2 3 2 (12,13,15) 3 (14,17,18) 5 (8,11,13)
3 2 1 (4,7,9) 2 (17,18,21)
4 5 1 (16,18,21) 2 (5,8,10) 3 (18,19,21) 4 (16,18,19) 5 (9,11,14)
5 3 1 (6,8,10) 4 (6,8,11) 5 (4,6,9)

2 9 5
1 4 1 (14,15,18) 2 (7,8,9) 3 (17,18,20) 5 (8,9,12)
2 3 1 (8,10,11) 4 (15,18,21) 5 (15,17,19)
3 5 1 (12,14,17) 2 (16,18,21) 3 (12,15,17) 4 (12,13,15) 5 (13,14,15)
4 5 1 (7,8,11) 2 (10,11,12) 3 (4,5,8) 4 (6,7,10) 5 (15,16,18)
5 5 1 (5,8,11) 2 (15,17,20) 3 (8,9,11) 4 (12,15,16) 5 (4,5,6)

2 10 5
1 3 1 (7,10,13) 3 (17,19,22) 5 (11,14,17)
2 3 1 (6,7,10) 2 (9,10,13) 5 (10,12,13)
3 4 1 (4,7,9) 2 (13,15,18) 3 (4,5,8) 4 (4,6,8)
4 5 1 (6,9,12) 2 (6,8,9) 3 (9,12,13) 4 (13,16,18) 5 (12,14,16)
5 2 1 (18,19,21) 5 (8,10,11)

